{
  "advancedEditorSelectedIdentifier" : "ProjectBrowser",
  "openSceneRelativePaths" : [
    "Scene.usda"
  ],
  "recentIdentifiers" : {
    "AFEC8797-A007-47A4-A498-29566460ACC0" : [

    ]
  },
  "sceneCameraHistory" : {
    "AFEC8797-A007-47A4-A498-29566460ACC0" : [
      {
        "date" : 765387039.911494,
        "title" : "Untitled",
        "transform" : [
          -0.7499284,
          2.552275e-07,
          0.661519,
          0,
          0.4384064,
          0.74886155,
          0.49699727,
          0,
          -0.4953861,
          0.6627264,
          -0.5615926,
          0,
          -0.32040358,
          1.4865385,
          -0.24325168,
          1
        ]
      },
      {
        "date" : 765387023.251572,
        "title" : "Untitled",
        "transform" : [
          -0.7499284,
          2.552275e-07,
          0.661519,
          0,
          0.4384064,
          0.74886155,
          0.49699727,
          0,
          -0.4953861,
          0.6627264,
          -0.5615926,
          0,
          -0.41124392,
          1.4741709,
          -0.1777153,
          1
        ]
      },
      {
        "date" : 765385708.142057,
        "title" : "Untitled",
        "transform" : [
          -0.74992836,
          2.5522746e-07,
          0.66151893,
          0,
          0.4384064,
          0.74886155,
          0.49699727,
          0,
          -0.4953861,
          0.6627264,
          -0.5615926,
          0,
          -0.41124392,
          1.4741709,
          -0.1777153,
          1
        ]
      },
      {
        "date" : 765385706.613849,
        "title" : "Untitled",
        "transform" : [
          -0.7534295,
          2.5794364e-07,
          0.65752864,
          0,
          0.50755024,
          0.63573724,
          0.5815762,
          0,
          -0.41801545,
          0.7719055,
          -0.47898325,
          0,
          -0.24268186,
          1.6662505,
          0.004596472,
          1
        ]
      },
      {
        "date" : 765385587.157281,
        "title" : "Untitled",
        "transform" : [
          -0.7534295,
          2.5794364e-07,
          0.65752864,
          0,
          0.50755024,
          0.63573724,
          0.5815762,
          0,
          -0.41801545,
          0.7719055,
          -0.47898325,
          0,
          -0.015064865,
          1.7632899,
          -0.037663817,
          1
        ]
      },
      {
        "date" : 765382039.142889,
        "title" : "Untitled",
        "transform" : [
          -0.7800288,
          2.49676e-07,
          0.62574345,
          0,
          0.22016552,
          0.93605804,
          0.2744497,
          0,
          -0.58573216,
          0.35184577,
          -0.73015225,
          0,
          -1.2184628,
          2.001338,
          -2.0582442,
          1
        ]
      },
      {
        "date" : 765382009.124618,
        "title" : "Untitled",
        "transform" : [
          -0.89900917,
          2.4970058e-07,
          0.43792972,
          0,
          0.15655023,
          0.9339219,
          0.32137522,
          0,
          -0.40899217,
          0.3574772,
          -0.8396043,
          0,
          -0.5332819,
          2.020109,
          -2.2714405,
          1
        ]
      },
      {
        "date" : 765381971.843383,
        "title" : "Untitled",
        "transform" : [
          -0.69949216,
          2.4781247e-07,
          0.7146403,
          0,
          -0.008161588,
          0.99993485,
          -0.00798911,
          0,
          -0.7145937,
          -0.01142096,
          -0.69944644,
          0,
          -1.006952,
          0.91919947,
          -1.2884485,
          1
        ]
      },
      {
        "date" : 765381965.743142,
        "title" : "Untitled",
        "transform" : [
          0.54905486,
          2.1972747e-07,
          0.83578634,
          0,
          0.35078412,
          0.9076603,
          -0.23044181,
          0,
          -0.75861,
          0.4197057,
          0.4983552,
          0,
          -2.235622,
          1.8586746,
          1.2117903,
          1
        ]
      },
      {
        "date" : 765381925.628245,
        "title" : "Untitled",
        "transform" : [
          -0.6024881,
          2.2228656e-07,
          0.7981279,
          0,
          0.29701862,
          0.92817515,
          0.22421195,
          0,
          -0.74080235,
          0.37214378,
          -0.5592144,
          0,
          -0.73530996,
          1.7686784,
          -0.7413721,
          1
        ]
      }
    ]
  },
  "sceneViewportBackgroundColors" : {

  }
}