{
  "advancedEditorSelectedIdentifier" : "ProjectBrowser",
  "openSceneRelativePaths" : [
    "Scene.usda"
  ],
  "recentIdentifiers" : {
    "AFEC8797-A007-47A4-A498-29566460ACC0" : [

    ]
  },
  "sceneCameraHistory" : {
    "AFEC8797-A007-47A4-A498-29566460ACC0" : [
      {
        "date" : 765382039.142889,
        "title" : "Untitled",
        "transform" : [
          -0.7800288,
          2.49676e-07,
          0.62574345,
          0,
          0.22016552,
          0.93605804,
          0.2744497,
          0,
          -0.58573216,
          0.35184577,
          -0.73015225,
          0,
          -1.2184628,
          2.001338,
          -2.0582442,
          1
        ]
      },
      {
        "date" : 765382009.124618,
        "title" : "Untitled",
        "transform" : [
          -0.89900917,
          2.4970058e-07,
          0.43792972,
          0,
          0.15655023,
          0.9339219,
          0.32137522,
          0,
          -0.40899217,
          0.3574772,
          -0.8396043,
          0,
          -0.5332819,
          2.020109,
          -2.2714405,
          1
        ]
      },
      {
        "date" : 765381971.843383,
        "title" : "Untitled",
        "transform" : [
          -0.69949216,
          2.4781247e-07,
          0.7146403,
          0,
          -0.008161588,
          0.99993485,
          -0.00798911,
          0,
          -0.7145937,
          -0.01142096,
          -0.69944644,
          0,
          -1.006952,
          0.91919947,
          -1.2884485,
          1
        ]
      },
      {
        "date" : 765381965.743142,
        "title" : "Untitled",
        "transform" : [
          0.54905486,
          2.1972747e-07,
          0.83578634,
          0,
          0.35078412,
          0.9076603,
          -0.23044181,
          0,
          -0.75861,
          0.4197057,
          0.4983552,
          0,
          -2.235622,
          1.8586746,
          1.2117903,
          1
        ]
      },
      {
        "date" : 765381925.628245,
        "title" : "Untitled",
        "transform" : [
          -0.6024881,
          2.2228656e-07,
          0.7981279,
          0,
          0.29701862,
          0.92817515,
          0.22421195,
          0,
          -0.74080235,
          0.37214378,
          -0.5592144,
          0,
          -0.73530996,
          1.7686784,
          -0.7413721,
          1
        ]
      },
      {
        "date" : 765381919.121011,
        "title" : "Untitled",
        "transform" : [
          -0.8050341,
          2.148287e-07,
          -0.5932286,
          0,
          0.05597566,
          0.9955385,
          -0.07596052,
          0,
          0.5905817,
          -0.094357155,
          -0.8014424,
          0,
          2.5023751,
          0.6438459,
          -1.1369685,
          1
        ]
      },
      {
        "date" : 765381914.885566,
        "title" : "Untitled",
        "transform" : [
          -0.9967872,
          2.1462102e-07,
          0.080095075,
          0,
          -0.008362597,
          0.9945341,
          -0.104077525,
          0,
          -0.079657435,
          -0.10441294,
          -0.9913388,
          0,
          -0.5027171,
          1.6332488,
          -1.6667466,
          1
        ]
      },
      {
        "date" : 765381909.230627,
        "title" : "Untitled",
        "transform" : [
          -0.8145921,
          2.1051494e-07,
          -0.58003414,
          0,
          -0.33150548,
          0.8205827,
          0.46556243,
          0,
          0.47596595,
          0.57152796,
          -0.66844016,
          0,
          0.819519,
          1.7218757,
          0.000315547,
          1
        ]
      },
      {
        "date" : 765381894.52896,
        "title" : "Untitled",
        "transform" : [
          -0.8033761,
          2.1005714e-07,
          0.595472,
          0,
          0.4233037,
          0.70332307,
          0.5710961,
          0,
          -0.4188092,
          0.7108704,
          -0.5650329,
          0,
          0.2314207,
          1.8142953,
          0.63125724,
          1
        ]
      },
      {
        "date" : 765381882.575806,
        "title" : "Untitled",
        "transform" : [
          -0.6998763,
          2.0952315e-07,
          0.7142641,
          0,
          0.32641637,
          0.8894686,
          0.31984073,
          0,
          -0.6353155,
          0.45699635,
          -0.62251794,
          0,
          -0.07596314,
          1.4428331,
          0.5579387,
          1
        ]
      }
    ]
  },
  "sceneViewportBackgroundColors" : {

  }
}